false
--W--V-N-
 11 17 1
V= 17
-W--V-N-
 5  1 1
 9 16 1
V= 17
-W--V-N-
 2  1 1
 3  7 1
 4 14 1
V= 22
--W--V-N-
  2  2 1
 11 17 1
  2  1 0
  4 14 1
V= 33
--W--V-N-
 14 10 0
  9 16 0
  5  1 0
  4 14 1
 11 17 1
V= 31
--W--V-N-
  1 16 1
  2  1 0
  2  2 1
 14 10 1
  3  7 0
V= 28
--W--V-N-
  2  2 0
  5  1 0
 14 10 1
  2  1 0
  3  7 1
V= 17
--W--V-N-
  4 14 1
 11 11 1
  3  7 0
  2  2 1
  2  1 0
V= 27
--W--V-N-
 14 10 0
  5  1 0
  4 14 1
 11 11 0
  9 16 1
V= 30
--W--V-N-
  1 16 1
 11 11 0
  9 16 0
 11 17 1
  5  1 1
V= 34
